0000225/001.jpg 46 44.28111267089844 149.37396240234375
0000225/002.jpg 46 165.2248077392578 141.59164428710938
0000225/003.jpg 46 44.058189392089844 144.3892364501953
0000225/004.jpg 46 37.92510986328125 135.5966339111328
0000225/005.jpg 46 161.51528930664062 141.99305725097656
0000225/007.jpg 46 62.1414794921875 141.8447265625
0000225/008.jpg 46 160.17605590820312 140.48092651367188
0000225/009.jpg 46 42.28411102294922 146.2739715576172
0000225/010.jpg 46 43.84418487548828 142.01805114746094
0000225/011.jpg 46 42.13587951660156 143.56443786621094
0000225/012.jpg 46 45.184547424316406 139.99143981933594
0000225/013.jpg 46 40.59275817871094 142.79058837890625
0000225/014.jpg 46 59.85212707519531 137.34188842773438
0000225/015.jpg 46 43.52507781982422 140.11004638671875
0000225/016.jpg 46 43.01001739501953 145.005126953125
0000225/017.jpg 46 41.77642059326172 142.8978729248047
0000225/018.jpg 46 43.647308349609375 143.42576599121094
0000225/019.jpg 46 153.1315155029297 142.27938842773438
0000225/020.jpg 46 162.1798095703125 143.15919494628906
0000225/021.jpg 46 41.56988525390625 141.17318725585938
0000225/022.jpg 46 162.11277770996094 146.47909545898438
0000225/023.jpg 46 42.563629150390625 146.65060424804688
0000225/024.jpg 46 42.83654022216797 143.07940673828125
0000225/025.jpg 46 164.73199462890625 141.4422607421875
0000225/026.jpg 46 47.11578369140625 142.8025360107422
0000225/027.jpg 46 46.78814697265625 144.4912109375
0000225/029.jpg 46 41.03992462158203 144.5309295654297
0000225/031.jpg 46 43.962120056152344 139.07974243164062
0000225/032.jpg 46 45.27215576171875 144.23086547851562
0000225/033.jpg 46 136.2844696044922 143.4638214111328
0000225/034.jpg 46 46.161598205566406 140.6711883544922
0000225/036.jpg 46 162.6356658935547 144.74549865722656
0000225/037.jpg 46 161.7599639892578 142.80377197265625
0000225/039.jpg 46 160.28329467773438 142.32510375976562
0000225/040.jpg 46 44.88849639892578 142.99383544921875
0000225/041.jpg 46 43.758575439453125 144.02098083496094
0000225/042.jpg 46 158.92604064941406 139.8987274169922
0000225/043.jpg 46 155.00987243652344 137.05776977539062
0000225/044.jpg 46 166.01052856445312 146.60301208496094
0000225/045.jpg 46 161.04678344726562 137.63330078125
0000225/046.jpg 46 39.03443908691406 144.58364868164062
0000225/049.jpg 46 160.86143493652344 145.97756958007812
0000225/050.jpg 46 45.30522155761719 145.3133087158203
0000225/051.jpg 46 131.69088745117188 144.47372436523438
0000225/052.jpg 46 164.01898193359375 141.8713836669922
0000225/053.jpg 46 40.42400360107422 141.97738647460938
0000225/054.jpg 46 161.30209350585938 143.9955291748047
0000225/055.jpg 46 42.317352294921875 141.4554443359375
0000225/056.jpg 46 163.27513122558594 142.86334228515625
0000225/057.jpg 46 161.701416015625 141.0770263671875
0000225/058.jpg 46 44.08958435058594 137.93667602539062
0000225/059.jpg 46 43.095306396484375 138.95977783203125
0000225/060.jpg 46 49.982826232910156 138.01065063476562
0000225/061.jpg 46 41.88837432861328 136.213623046875
0000225/062.jpg 46 50.650482177734375 129.9248046875
0000225/063.jpg 46 51.891883850097656 141.41822814941406
0000225/064.jpg 46 162.05079650878906 147.5791015625
0000225/065.jpg 46 45.001625061035156 140.08546447753906
0000225/066.jpg 46 42.988929748535156 144.8236541748047
0000225/067.jpg 46 166.3596954345703 139.39012145996094
0000225/068.jpg 46 42.48633575439453 144.19432067871094
0000225/069.jpg 46 44.75572204589844 148.49673461914062
0000225/070.jpg 46 165.74696350097656 141.01087951660156
0000225/071.jpg 46 162.5149688720703 145.05809020996094
0000225/072.jpg 46 38.65277099609375 140.25282287597656
0000225/073.jpg 46 163.4082794189453 140.9564971923828
0000225/074.jpg 46 45.36973571777344 140.8842010498047
0000225/075.jpg 46 40.81414794921875 144.015625
0000225/076.jpg 46 163.6685791015625 137.636474609375
0000225/077.jpg 46 161.72401428222656 147.04957580566406
0000225/078.jpg 46 161.8580322265625 144.1317138671875
0000225/081.jpg 46 44.09313201904297 140.0699462890625
0000225/082.jpg 46 42.5679931640625 132.5117950439453
0000225/083.jpg 46 158.8859100341797 135.4302520751953
0000225/084.jpg 46 162.6568603515625 146.5238037109375
0000225/091.jpg 46 162.1959686279297 141.8170928955078
0000225/092.jpg 46 166.1501922607422 146.4262237548828
0000225/094.jpg 46 41.941200256347656 145.5897674560547
0000225/095.jpg 46 41.01092529296875 141.70358276367188
0000225/096.jpg 46 156.8118133544922 139.92132568359375
0000225/097.jpg 46 159.07470703125 142.70382690429688
0000225/098.jpg 46 46.81709289550781 140.70623779296875
0000225/099.jpg 46 40.56031036376953 143.70758056640625
0000225/100.jpg 46 42.40870666503906 149.00088500976562
0000225/101.jpg 46 166.9539794921875 144.20660400390625
0000225/102.jpg 46 44.271446228027344 142.34226989746094
0000225/104.jpg 46 160.34823608398438 143.74378967285156
0000225/105.jpg 46 42.677330017089844 143.66819763183594