0000168/001.jpg 23 165.7814483642578 136.03411865234375
0000168/002.jpg 23 44.95519256591797 137.1439666748047
0000168/003.jpg 23 48.80401611328125 140.8350830078125
0000168/004.jpg 23 162.12217712402344 137.74700927734375
0000168/005.jpg 23 44.25328063964844 137.48052978515625
0000168/006.jpg 23 167.80152893066406 139.46966552734375
0000168/007.jpg 23 158.7521209716797 135.04470825195312
0000168/008.jpg 23 39.371360778808594 137.35418701171875
0000168/009.jpg 23 153.70025634765625 135.94796752929688
0000168/010.jpg 23 41.40484619140625 118.99202728271484
0000168/011.jpg 23 166.76736450195312 138.99559020996094
0000168/012.jpg 23 163.390380859375 136.81280517578125
0000168/013.jpg 23 43.025230407714844 141.78268432617188
0000168/014.jpg 23 161.21141052246094 136.57679748535156
0000168/015.jpg 23 48.16883850097656 136.0648651123047
0000168/016.jpg 23 43.259925842285156 132.2362518310547
0000168/017.jpg 23 41.228050231933594 139.43612670898438
0000168/019.jpg 23 163.25729370117188 140.90029907226562
0000168/020.jpg 23 41.67401123046875 138.6676025390625
0000168/021.jpg 23 43.700439453125 143.19024658203125
0000168/022.jpg 23 157.0974884033203 133.88381958007812
0000168/023.jpg 23 40.08050537109375 140.201171875
0000168/024.jpg 23 37.079856872558594 144.15676879882812
0000168/025.jpg 23 166.6374969482422 135.87582397460938
0000168/026.jpg 23 48.251434326171875 139.24229431152344
0000168/027.jpg 23 41.391807556152344 139.56710815429688
0000168/028.jpg 23 164.080078125 142.87315368652344
0000168/029.jpg 23 43.12726593017578 139.52886962890625
0000168/030.jpg 23 158.62872314453125 129.96142578125
0000168/031.jpg 23 55.64790344238281 137.96693420410156
0000168/032.jpg 23 163.8023681640625 134.677490234375
0000168/033.jpg 23 159.1796417236328 136.97933959960938
0000168/034.jpg 23 42.01209259033203 136.59469604492188
0000168/035.jpg 23 156.49343872070312 133.5203857421875
0000168/037.jpg 23 41.88731384277344 141.53192138671875
0000168/038.jpg 23 159.84255981445312 139.68319702148438
0000168/039.jpg 23 54.131019592285156 144.31411743164062
0000168/040.jpg 23 42.07227325439453 138.04144287109375
0000168/041.jpg 23 162.72508239746094 131.02687072753906
0000168/042.jpg 23 50.376739501953125 138.41122436523438
0000168/043.jpg 23 47.93128204345703 136.8834686279297
0000168/044.jpg 23 165.01625061035156 142.06797790527344
0000168/045.jpg 23 167.64344787597656 135.81576538085938
0000168/046.jpg 23 39.58294677734375 146.4446563720703
0000168/047.jpg 23 167.19163513183594 139.92787170410156
0000168/048.jpg 23 162.9176483154297 139.24278259277344
0000168/049.jpg 23 40.864295959472656 149.14321899414062
0000168/050.jpg 23 53.190765380859375 137.63792419433594
0000168/051.jpg 23 162.79241943359375 140.62680053710938
0000168/052.jpg 23 44.38447570800781 138.5615997314453
0000168/053.jpg 23 154.68553161621094 138.7316436767578
0000168/054.jpg 23 39.505638122558594 138.0353546142578
0000168/055.jpg 23 161.48806762695312 129.8958740234375
0000168/056.jpg 23 34.063446044921875 149.01612854003906
0000168/057.jpg 23 48.619285583496094 135.06796264648438
0000168/058.jpg 23 38.92213439941406 138.22459411621094
0000168/059.jpg 23 46.87284851074219 138.7960968017578
0000168/060.jpg 23 163.4501190185547 136.49591064453125
0000168/061.jpg 23 162.63888549804688 137.3237762451172
0000168/062.jpg 23 42.15868377685547 142.4073944091797
0000168/063.jpg 23 39.90972900390625 136.87387084960938
0000168/064.jpg 23 160.6845703125 135.26925659179688
0000168/066.jpg 23 42.67743682861328 137.5907745361328
0000168/067.jpg 23 167.2384796142578 137.85516357421875
0000168/068.jpg 23 164.2041473388672 137.2805938720703
0000168/069.jpg 23 165.30580139160156 137.4011993408203
0000168/070.jpg 23 159.40704345703125 146.08871459960938
0000168/071.jpg 23 163.75526428222656 135.5987091064453
0000168/072.jpg 23 163.78546142578125 133.13235473632812
0000168/073.jpg 23 162.4580841064453 135.44248962402344
0000168/074.jpg 23 40.426971435546875 140.5120849609375
0000168/075.jpg 23 166.0295867919922 137.69520568847656
0000168/076.jpg 23 159.1357421875 140.13780212402344
0000168/077.jpg 23 50.535614013671875 136.68223571777344
0000168/078.jpg 23 46.35120391845703 142.9262237548828
0000168/079.jpg 23 162.41510009765625 127.89659118652344
0000168/080.jpg 23 129.17555236816406 172.7994384765625
0000168/081.jpg 23 164.3037872314453 139.83905029296875
0000168/082.jpg 23 42.94941711425781 138.70240783691406
0000168/083.jpg 23 165.83995056152344 140.59033203125
0000168/084.jpg 23 168.22381591796875 135.77593994140625
0000168/085.jpg 23 162.54397583007812 138.0362548828125
0000168/086.jpg 23 165.51121520996094 135.0804443359375
0000168/087.jpg 23 160.88507080078125 137.62014770507812
0000168/088.jpg 23 37.16455841064453 141.09983825683594
0000168/089.jpg 23 46.122337341308594 138.0877685546875
0000168/091.jpg 23 164.41624450683594 144.14471435546875
0000168/092.jpg 23 166.85301208496094 141.76414489746094
0000168/093.jpg 23 44.45088195800781 136.32717895507812
0000168/095.jpg 23 54.17292022705078 140.99440002441406
0000168/096.jpg 23 162.41839599609375 146.0132293701172
0000168/097.jpg 23 163.8531494140625 137.68548583984375
0000168/098.jpg 23 164.0045928955078 140.57888793945312
0000168/099.jpg 23 160.52630615234375 138.29931640625
0000168/100.jpg 23 168.7183380126953 141.04745483398438
0000168/101.jpg 23 36.13513946533203 139.8212432861328
0000168/102.jpg 23 165.5081787109375 136.9521484375
0000168/103.jpg 23 43.4400634765625 142.5017852783203
0000168/104.jpg 23 42.20256805419922 138.1290283203125
0000168/105.jpg 23 167.80340576171875 137.08717346191406
0000168/114.jpg 23 163.1530303955078 135.14035034179688
0000168/232.jpg 23 42.224769592285156 134.1685028076172
0000168/304.jpg 23 44.718116760253906 137.09039306640625
0000169/001.jpg 24 161.88348388671875 140.51702880859375
0000169/002.jpg 24 51.96800231933594 136.6844940185547
0000169/003.jpg 24 161.5509796142578 145.57546997070312
0000169/004.jpg 24 42.68687438964844 147.0858917236328
0000169/005.jpg 24 164.28256225585938 133.22799682617188
0000169/007.jpg 24 159.5369110107422 139.27745056152344
0000169/009.jpg 24 138.10455322265625 145.11273193359375
0000169/010.jpg 24 157.55870056152344 147.49636840820312
0000169/011.jpg 24 156.5952911376953 138.6543426513672
0000169/012.jpg 24 46.946128845214844 136.9111785888672
0000169/013.jpg 24 45.307838439941406 141.7593231201172
0000169/014.jpg 24 48.937591552734375 138.55625915527344
0000169/015.jpg 24 161.981689453125 143.610595703125
0000169/016.jpg 24 160.3101806640625 138.22718811035156
0000169/017.jpg 24 162.13563537597656 138.7274627685547
0000169/019.jpg 24 163.83921813964844 144.7715606689453
0000169/020.jpg 24 146.92160034179688 140.27365112304688
0000169/021.jpg 24 61.573936462402344 141.39012145996094
0000169/022.jpg 24 53.36961364746094 141.08828735351562
0000169/023.jpg 24 164.45497131347656 140.6625213623047
0000169/024.jpg 24 79.33848571777344 187.104248046875
0000169/025.jpg 24 42.126983642578125 145.2860107421875
0000169/026.jpg 24 46.49143981933594 146.61431884765625
0000169/027.jpg 24 45.58540344238281 148.43235778808594
0000169/028.jpg 24 158.2101593017578 140.90237426757812
0000169/029.jpg 24 44.437889099121094 142.07835388183594
0000169/030.jpg 24 161.65586853027344 138.83399963378906
0000169/031.jpg 24 35.139366149902344 138.4033203125
0000169/032.jpg 24 165.32736206054688 137.0766143798828
0000169/033.jpg 24 39.655677795410156 142.85768127441406
0000169/034.jpg 24 145.0061798095703 132.3917236328125
0000169/036.jpg 24 165.6982879638672 142.4662322998047
0000169/037.jpg 24 160.35479736328125 141.5207977294922
0000169/039.jpg 24 158.6616668701172 142.62405395507812
0000169/040.jpg 24 160.51736450195312 142.08938598632812
0000169/041.jpg 24 53.025230407714844 136.91648864746094
0000169/042.jpg 24 42.786102294921875 143.12042236328125
0000169/043.jpg 24 43.274436950683594 144.0573272705078
0000169/044.jpg 24 156.86065673828125 145.35574340820312
0000169/046.jpg 24 38.421730041503906 139.62139892578125
0000169/047.jpg 24 41.27690124511719 139.91331481933594
0000169/048.jpg 24 130.90858459472656 142.1038055419922
0000169/049.jpg 24 49.088523864746094 143.5882568359375
0000169/050.jpg 24 159.6546173095703 135.92759704589844
0000169/051.jpg 24 45.030784606933594 140.47898864746094
0000169/052.jpg 24 41.257179260253906 145.67198181152344
0000169/053.jpg 24 52.68678283691406 132.628173828125
0000169/054.jpg 24 43.63494110107422 140.0135955810547
0000169/055.jpg 24 46.71326446533203 134.3670654296875
0000169/056.jpg 24 44.831153869628906 143.0894317626953
0000169/057.jpg 24 162.46719360351562 143.82679748535156
0000169/059.jpg 24 45.877166748046875 135.25042724609375
0000169/060.jpg 24 41.2860107421875 142.1331329345703
0000169/061.jpg 24 160.336669921875 140.84173583984375
0000169/062.jpg 24 44.06116485595703 144.8714141845703
0000169/063.jpg 24 43.414634704589844 143.5421142578125
0000169/064.jpg 24 46.068138122558594 139.62794494628906
0000169/065.jpg 24 162.2542266845703 141.31277465820312
0000169/066.jpg 24 41.79522705078125 146.90811157226562
0000169/068.jpg 24 162.02169799804688 145.32107543945312
0000169/069.jpg 24 40.841712951660156 139.46092224121094
0000169/070.jpg 24 155.27879333496094 140.45480346679688
0000169/071.jpg 24 168.3839569091797 142.16390991210938
0000169/073.jpg 24 46.089996337890625 142.28057861328125
0000169/074.jpg 24 160.99501037597656 139.24945068359375
0000169/076.jpg 24 38.85276794433594 141.3973388671875
0000169/078.jpg 24 40.91820526123047 135.12322998046875
0000169/079.jpg 24 142.74972534179688 88.99726867675781
0000169/080.jpg 24 161.03201293945312 138.9805908203125
0000169/081.jpg 24 41.94122314453125 138.3749542236328
0000169/082.jpg 24 44.346832275390625 140.58401489257812
0000169/083.jpg 24 160.29263305664062 141.43443298339844
0000169/084.jpg 24 41.875579833984375 145.68698120117188
0000169/085.jpg 24 163.84239196777344 145.30467224121094
0000169/087.jpg 24 163.6559600830078 145.7804412841797
0000169/089.jpg 24 33.79588317871094 133.09494018554688
0000169/090.jpg 24 161.34246826171875 140.76132202148438
0000169/091.jpg 24 42.66674041748047 141.37420654296875
0000169/092.jpg 24 154.71731567382812 144.58624267578125
0000169/093.jpg 24 39.8934326171875 139.7023162841797
0000169/094.jpg 24 163.54534912109375 140.02880859375
0000169/095.jpg 24 160.74801635742188 139.302734375
0000169/096.jpg 24 43.923553466796875 137.59994506835938
0000169/097.jpg 24 47.137542724609375 137.73643493652344
0000169/098.jpg 24 162.72467041015625 146.95553588867188
0000169/099.jpg 24 154.67872619628906 136.59786987304688
0000169/101.jpg 24 134.76930236816406 138.51705932617188
0000169/102.jpg 24 161.52244567871094 143.74853515625
0000169/103.jpg 24 38.73136901855469 142.345458984375
0000169/104.jpg 24 147.2317352294922 141.22586059570312
0000169/105.jpg 24 162.25181579589844 142.90335083007812
0000169/107.jpg 24 43.89313507080078 136.4113006591797
0000169/108.jpg 24 44.99079132080078 140.57723999023438
0000169/109.jpg 24 161.82861328125 140.62606811523438
0000169/110.jpg 24 150.067138671875 135.7220001220703
0000169/111.jpg 24 43.58479309082031 143.79270935058594
0000169/113.jpg 24 156.9014434814453 140.04541015625
0000169/114.jpg 24 51.927452087402344 145.17288208007812
0000169/149.jpg 24 159.9237518310547 139.92977905273438
0000169/213.jpg 24 161.57774353027344 144.4111328125
0000170/001.jpg 25 166.38450622558594 146.54701232910156
0000170/002.jpg 25 165.78321838378906 140.6569366455078
0000170/003.jpg 25 158.30047607421875 135.15408325195312
0000170/004.jpg 25 162.53599548339844 143.86260986328125
0000170/005.jpg 25 169.3846893310547 129.90805053710938
0000170/006.jpg 25 167.797607421875 154.52732849121094
0000170/008.jpg 25 48.4366455078125 151.2703399658203
0000170/009.jpg 25 45.915809631347656 152.83383178710938
0000170/010.jpg 25 164.15830993652344 132.7950439453125
0000170/012.jpg 25 41.466636657714844 135.95571899414062
0000170/013.jpg 25 41.25920104980469 137.78746032714844
0000170/014.jpg 25 31.138648986816406 146.58563232421875
0000170/015.jpg 25 40.23136901855469 146.65309143066406
0000170/016.jpg 25 41.304420471191406 143.55551147460938
0000170/017.jpg 25 168.0087432861328 139.52743530273438
0000170/018.jpg 25 42.123077392578125 139.09695434570312
0000170/019.jpg 25 165.0861358642578 146.47837829589844
0000170/020.jpg 25 39.352134704589844 146.02557373046875
0000170/021.jpg 25 163.2364501953125 143.0452880859375
0000170/022.jpg 25 165.15426635742188 143.67825317382812
0000170/023.jpg 25 162.83306884765625 146.3621063232422
0000170/024.jpg 25 165.0193328857422 144.513671875
0000170/025.jpg 25 42.72240447998047 147.65972900390625
0000170/026.jpg 25 45.37425231933594 141.29627990722656
0000170/028.jpg 25 38.919105529785156 147.97695922851562
0000170/029.jpg 25 162.66043090820312 143.35049438476562
0000170/030.jpg 25 166.03587341308594 144.236328125
0000170/031.jpg 25 47.05792236328125 142.86471557617188
0000170/032.jpg 25 145.09454345703125 142.63885498046875
0000170/033.jpg 25 43.440521240234375 142.46563720703125
0000170/034.jpg 25 41.984771728515625 142.2142333984375
0000170/035.jpg 25 162.6166229248047 138.20118713378906
0000170/036.jpg 25 164.70755004882812 141.07354736328125
0000170/037.jpg 25 162.68817138671875 147.242919921875
0000170/038.jpg 25 46.036460876464844 146.3003387451172
0000170/039.jpg 25 39.076499938964844 146.936767578125
0000170/040.jpg 25 41.73365783691406 148.25733947753906
0000170/041.jpg 25 163.04827880859375 148.77064514160156
0000170/042.jpg 25 164.20074462890625 138.04678344726562
0000170/043.jpg 25 152.40696716308594 138.21405029296875
0000170/044.jpg 25 157.18939208984375 135.04708862304688
0000170/045.jpg 25 40.476417541503906 145.16647338867188
0000170/046.jpg 25 166.09530639648438 133.62026977539062
0000170/047.jpg 25 163.90306091308594 140.58229064941406
0000170/048.jpg 25 161.41754150390625 140.27133178710938
0000170/049.jpg 25 44.695960998535156 137.95941162109375
0000170/051.jpg 25 165.84945678710938 140.5415802001953
0000170/052.jpg 25 39.33746337890625 148.33255004882812
0000170/053.jpg 25 42.46754455566406 150.5912628173828
0000170/054.jpg 25 45.419105529785156 141.53250122070312
0000170/055.jpg 25 165.23495483398438 144.4544677734375
0000170/056.jpg 25 162.3140106201172 136.1361083984375
0000170/057.jpg 25 161.4413604736328 138.17227172851562
0000170/058.jpg 25 163.91908264160156 142.85824584960938
0000170/059.jpg 25 41.45668029785156 147.94503784179688
0000170/060.jpg 25 38.401756286621094 141.39669799804688
0000170/061.jpg 25 43.026214599609375 141.82261657714844
0000170/062.jpg 25 162.7275848388672 146.96084594726562
0000170/063.jpg 25 40.10022735595703 138.79446411132812
0000170/064.jpg 25 52.50823211669922 140.33010864257812
0000170/065.jpg 25 164.2928009033203 139.2928466796875
0000170/066.jpg 25 167.6793670654297 140.623046875
0000170/067.jpg 25 163.28057861328125 139.80657958984375
0000170/068.jpg 25 39.41680908203125 145.51705932617188
0000170/069.jpg 25 39.009483337402344 148.06344604492188
0000170/070.jpg 25 41.08100128173828 145.38589477539062
0000170/071.jpg 25 40.758514404296875 146.39073181152344
0000170/072.jpg 25 162.15138244628906 143.25283813476562
0000170/073.jpg 25 162.84951782226562 145.69337463378906
0000170/074.jpg 25 166.55909729003906 143.39967346191406
0000170/075.jpg 25 162.10122680664062 144.03048706054688
0000170/076.jpg 25 49.725791931152344 148.0127410888672
0000170/077.jpg 25 42.55592346191406 137.5853271484375
0000170/078.jpg 25 166.12034606933594 147.6936492919922
0000170/079.jpg 25 164.7163848876953 144.92367553710938
0000170/080.jpg 25 39.933868408203125 143.60525512695312
0000170/081.jpg 25 165.93621826171875 147.12767028808594
0000170/082.jpg 25 164.71519470214844 146.57489013671875
0000170/083.jpg 25 168.3004150390625 138.35177612304688
0000170/084.jpg 25 162.5797119140625 146.64932250976562
0000170/085.jpg 25 160.9291534423828 143.9728240966797
0000170/086.jpg 25 44.04517364501953 143.485107421875
0000170/087.jpg 25 160.8364715576172 147.0849609375
0000170/088.jpg 25 57.136512756347656 139.2433624267578
0000170/089.jpg 25 36.84459686279297 141.62692260742188
0000170/090.jpg 25 160.8239288330078 141.94479370117188
0000170/091.jpg 25 44.617523193359375 149.10574340820312
0000170/092.jpg 25 164.63653564453125 150.69708251953125
0000170/093.jpg 25 162.47349548339844 143.60472106933594
0000170/094.jpg 25 34.20252990722656 141.22378540039062
0000170/095.jpg 25 43.59727478027344 152.21304321289062
0000170/096.jpg 25 39.60955810546875 148.46507263183594
0000170/097.jpg 25 164.00949096679688 146.27401733398438
0000170/098.jpg 25 41.569847106933594 148.21234130859375
0000170/101.jpg 25 40.01557159423828 138.7905731201172
0000170/102.jpg 25 36.69776153564453 146.29989624023438
0000170/103.jpg 25 41.50926971435547 151.75930786132812
0000170/104.jpg 25 160.20794677734375 143.14822387695312
0000170/170.jpg 25 165.8203582763672 146.43728637695312
0000170/322.jpg 25 165.6004180908203 147.0401611328125
0000205/001.jpg 38 161.68685913085938 143.53736877441406
0000205/002.jpg 38 44.57978820800781 139.52024841308594
0000205/003.jpg 38 43.78095245361328 133.58743286132812
0000205/004.jpg 38 158.4900665283203 145.13555908203125
0000205/005.jpg 38 45.57667541503906 140.58224487304688
0000205/006.jpg 38 163.70269775390625 144.61375427246094
0000205/007.jpg 38 43.179283142089844 142.50357055664062
0000205/008.jpg 38 45.49794006347656 144.3516845703125
0000205/009.jpg 38 41.99030303955078 140.01275634765625
0000205/010.jpg 38 42.80438232421875 143.85324096679688
0000205/011.jpg 38 167.10914611816406 137.65451049804688
0000205/012.jpg 38 40.609222412109375 150.6261444091797
0000205/013.jpg 38 164.1266326904297 135.7124786376953
0000205/014.jpg 38 41.02490997314453 143.06350708007812
0000205/015.jpg 38 42.22374725341797 142.59097290039062
0000205/016.jpg 38 47.99468231201172 147.8726348876953
0000205/017.jpg 38 163.26315307617188 141.55287170410156
0000205/019.jpg 38 168.521240234375 142.35415649414062
0000205/020.jpg 38 157.17628479003906 136.34310913085938
0000205/021.jpg 38 162.30958557128906 139.402099609375
0000205/022.jpg 38 41.18943786621094 144.99996948242188
0000205/023.jpg 38 165.7913818359375 138.84634399414062
0000205/024.jpg 38 37.95808410644531 147.32891845703125
0000205/025.jpg 38 48.664642333984375 129.7146453857422
0000205/026.jpg 38 41.29136657714844 145.1788787841797
0000205/027.jpg 38 167.7178955078125 147.63023376464844
0000205/028.jpg 38 166.6175079345703 148.91188049316406
0000205/029.jpg 38 148.78883361816406 140.60629272460938
0000205/030.jpg 38 42.749298095703125 141.86865234375
0000205/031.jpg 38 165.08935546875 141.989990234375
0000205/032.jpg 38 46.91117858886719 150.56375122070312
0000205/033.jpg 38 164.91189575195312 144.87356567382812
0000205/034.jpg 38 44.49628448486328 142.99508666992188
0000205/035.jpg 38 164.67723083496094 140.1576690673828
0000205/036.jpg 38 45.125938415527344 146.6871337890625
0000205/037.jpg 38 163.13259887695312 146.63209533691406
0000205/038.jpg 38 161.8144989013672 144.11892700195312
0000205/039.jpg 38 161.7224884033203 145.84283447265625
0000205/040.jpg 38 41.60154724121094 145.42047119140625
0000205/042.jpg 38 153.25685119628906 131.83181762695312
0000205/045.jpg 38 164.0526123046875 143.4088134765625
0000205/046.jpg 38 163.4539337158203 146.83209228515625
0000205/047.jpg 38 43.37538146972656 146.63645935058594
0000205/048.jpg 38 162.0278778076172 141.63331604003906
0000205/049.jpg 38 166.25933837890625 136.85186767578125
0000205/050.jpg 38 167.40078735351562 135.68841552734375
0000205/051.jpg 38 42.94132995605469 134.38137817382812
0000205/052.jpg 38 164.06153869628906 142.33847045898438
0000205/053.jpg 38 164.240478515625 142.7520751953125
0000205/054.jpg 38 167.21620178222656 141.19456481933594
0000205/055.jpg 38 166.01795959472656 145.30963134765625
0000205/056.jpg 38 39.34492492675781 142.250244140625
0000205/057.jpg 38 43.88965606689453 144.7373504638672
0000205/058.jpg 38 43.55146026611328 136.19241333007812
0000205/059.jpg 38 164.11318969726562 146.365966796875
0000205/060.jpg 38 169.39068603515625 140.441650390625
0000205/061.jpg 38 47.06787109375 137.83926391601562
0000205/062.jpg 38 43.277854919433594 145.033203125
0000205/063.jpg 38 166.1261749267578 140.7636260986328
0000205/064.jpg 38 162.7714385986328 141.68258666992188
0000205/065.jpg 38 166.965087890625 139.6358642578125
0000205/066.jpg 38 146.39962768554688 130.0086669921875
0000205/067.jpg 38 40.093055725097656 140.52346801757812
0000205/068.jpg 38 41.79267120361328 146.86090087890625
0000205/069.jpg 38 164.4605255126953 135.7467041015625
0000205/070.jpg 38 164.0733184814453 140.95123291015625
0000205/071.jpg 38 163.5126495361328 138.7021942138672
0000205/072.jpg 38 163.6148681640625 148.15138244628906
0000205/073.jpg 38 165.58673095703125 146.791259765625
0000205/074.jpg 38 39.586578369140625 144.29782104492188
0000205/075.jpg 38 163.61488342285156 145.43185424804688
0000205/076.jpg 38 42.8076171875 138.16397094726562
0000205/077.jpg 38 161.91091918945312 142.31759643554688
0000205/078.jpg 38 44.913658142089844 147.44349670410156
0000205/079.jpg 38 165.63009643554688 133.12564086914062
0000205/080.jpg 38 41.92949676513672 146.61692810058594
0000205/081.jpg 38 41.35234069824219 143.7410430908203
0000205/082.jpg 38 43.47999572753906 143.68309020996094
0000205/083.jpg 38 39.80772399902344 151.92214965820312
0000205/084.jpg 38 164.0714874267578 144.4088897705078
0000205/085.jpg 38 168.521240234375 142.35415649414062
0000205/086.jpg 38 162.77037048339844 142.1868896484375
0000205/087.jpg 38 40.569740295410156 140.80780029296875
0000205/088.jpg 38 39.83600616455078 143.6415252685547
0000205/089.jpg 38 41.41868591308594 146.7104034423828
0000205/090.jpg 38 50.215728759765625 137.24801635742188
0000205/091.jpg 38 165.28457641601562 140.22219848632812
0000205/092.jpg 38 164.34011840820312 138.71026611328125
0000205/093.jpg 38 42.52143096923828 144.8220672607422
0000205/094.jpg 38 40.31830596923828 150.31704711914062
0000205/095.jpg 38 165.53759765625 143.19833374023438
0000205/096.jpg 38 161.87940979003906 144.89340209960938
0000205/097.jpg 38 41.7618408203125 138.68328857421875
0000205/098.jpg 38 41.541229248046875 143.2064208984375
0000205/099.jpg 38 43.44750213623047 144.24459838867188
0000205/100.jpg 38 44.5338134765625 147.63357543945312
0000205/101.jpg 38 53.771705627441406 145.313720703125
0000205/102.jpg 38 164.21176147460938 140.62635803222656
0000205/180.jpg 38 162.3184051513672 141.3463897705078
0000205/187.jpg 38 165.4734344482422 139.5178680419922
0000205/192.jpg 38 41.841529846191406 145.3289337158203
0000333/001.jpg 86 42.152252197265625 139.15499877929688
0000333/002.jpg 86 42.0086669921875 138.18939208984375
0000333/003.jpg 86 161.94093322753906 138.3948211669922
0000333/004.jpg 86 162.4335479736328 143.59481811523438
0000333/005.jpg 86 43.602760314941406 142.0354461669922
0000333/006.jpg 86 45.06517028808594 140.76145935058594
0000333/007.jpg 86 42.700950622558594 139.25473022460938
0000333/009.jpg 86 41.84740447998047 146.0883026123047
0000333/010.jpg 86 161.81800842285156 142.9715576171875
0000333/011.jpg 86 162.95681762695312 143.96002197265625
0000333/012.jpg 86 158.1919708251953 150.50523376464844
0000333/013.jpg 86 41.0645751953125 145.57061767578125
0000333/014.jpg 86 162.30445861816406 143.20339965820312
0000333/015.jpg 86 48.242042541503906 136.07188415527344
0000333/016.jpg 86 42.72747802734375 138.82278442382812
0000333/017.jpg 86 161.49839782714844 142.67042541503906
0000333/018.jpg 86 161.806640625 141.79541015625
0000333/019.jpg 86 43.53912353515625 144.7843017578125
0000333/020.jpg 86 161.7638702392578 142.76458740234375
0000333/021.jpg 86 161.92706298828125 142.24981689453125
0000333/022.jpg 86 161.58766174316406 144.38197326660156
0000333/023.jpg 86 42.94280242919922 140.04583740234375
0000333/024.jpg 86 42.81285858154297 142.39015197753906
0000333/025.jpg 86 162.5547637939453 141.695556640625
0000333/026.jpg 86 160.97354125976562 140.0069122314453
0000333/027.jpg 86 44.31346130371094 141.92062377929688
0000333/030.jpg 86 40.053443908691406 142.29380798339844
0000333/031.jpg 86 162.08998107910156 147.15330505371094
0000333/032.jpg 86 44.468544006347656 141.62335205078125
0000333/033.jpg 86 165.2812957763672 139.7317352294922
0000333/034.jpg 86 45.67286682128906 143.44473266601562
0000333/035.jpg 86 162.7205810546875 143.5823211669922
0000333/036.jpg 86 42.32136535644531 142.36257934570312
0000333/037.jpg 86 42.31421661376953 141.67015075683594
0000333/039.jpg 86 44.73588562011719 138.71871948242188
0000333/040.jpg 86 161.00717163085938 139.69151306152344
0000333/041.jpg 86 44.5711669921875 146.02682495117188
0000333/042.jpg 86 45.10499572753906 143.35989379882812
0000333/043.jpg 86 162.3433837890625 141.63320922851562
0000333/044.jpg 86 45.27323913574219 144.4896240234375
0000333/045.jpg 86 62.97602081298828 138.68643188476562
0000333/046.jpg 86 167.05296325683594 144.45346069335938
0000333/047.jpg 86 44.38343811035156 136.1482696533203
0000333/048.jpg 86 162.90196228027344 144.1394805908203
0000333/049.jpg 86 43.65618133544922 145.1562957763672
0000333/050.jpg 86 165.10403442382812 140.9169158935547
0000333/051.jpg 86 41.589630126953125 142.51771545410156
0000333/053.jpg 86 42.851409912109375 134.18484497070312
0000333/054.jpg 86 43.72752380371094 143.34471130371094
0000333/055.jpg 86 164.76258850097656 137.21266174316406
0000333/056.jpg 86 161.12257385253906 141.14459228515625
0000333/057.jpg 86 161.59133911132812 141.7212677001953
0000333/058.jpg 86 38.324623107910156 141.49440002441406
0000333/059.jpg 86 39.21075439453125 145.1612548828125
0000333/060.jpg 86 163.31605529785156 137.01577758789062
0000333/061.jpg 86 164.7678985595703 136.61094665527344
0000333/062.jpg 86 164.0978240966797 140.5517120361328
0000333/063.jpg 86 165.54296875 144.00462341308594
0000333/064.jpg 86 162.68435668945312 141.45364379882812
0000333/065.jpg 86 159.53936767578125 143.28707885742188
0000333/067.jpg 86 45.319786071777344 142.27120971679688
0000333/068.jpg 86 144.85153198242188 138.32180786132812
0000333/070.jpg 86 163.64822387695312 146.77227783203125
0000333/071.jpg 86 44.308502197265625 140.23081970214844
0000333/072.jpg 86 164.59939575195312 145.0972442626953
0000333/073.jpg 86 43.211883544921875 141.10379028320312
0000333/074.jpg 86 163.05474853515625 142.47601318359375
0000333/075.jpg 86 40.661964416503906 138.34762573242188
0000333/076.jpg 86 160.7987518310547 142.00758361816406
0000333/077.jpg 86 44.59709930419922 143.5992431640625
0000333/078.jpg 86 41.957786560058594 142.02346801757812
0000333/079.jpg 86 160.08628845214844 139.06185913085938
0000333/080.jpg 86 42.03831481933594 142.90353393554688
0000333/081.jpg 86 165.0502471923828 139.8793487548828
0000333/082.jpg 86 44.136505126953125 138.97491455078125
0000333/083.jpg 86 159.56350708007812 132.54061889648438
0000333/084.jpg 86 166.12948608398438 140.5951385498047
0000333/085.jpg 86 40.65349578857422 142.171630859375
0000333/086.jpg 86 162.35122680664062 140.80593872070312
0000333/087.jpg 86 44.57493591308594 139.2225341796875
0000333/088.jpg 86 43.47490692138672 142.8689422607422
0000333/089.jpg 86 41.93352508544922 141.58572387695312
0000333/090.jpg 86 42.87890625 135.47462463378906
0000333/091.jpg 86 160.9394073486328 142.8661346435547
0000333/092.jpg 86 162.86495971679688 140.31813049316406
0000333/093.jpg 86 163.12977600097656 140.84288024902344
0000333/094.jpg 86 40.236488342285156 138.7025604248047
0000333/095.jpg 86 162.75613403320312 140.47171020507812
0000333/096.jpg 86 158.16268920898438 143.38388061523438
0000333/097.jpg 86 43.97837829589844 143.2401123046875
0000333/099.jpg 86 44.36643981933594 143.9411163330078
0000333/100.jpg 86 160.64431762695312 141.05300903320312
0000333/102.jpg 86 43.199073791503906 139.33416748046875
0000333/103.jpg 86 160.94578552246094 141.9466552734375
0000333/104.jpg 86 48.2667236328125 136.02084350585938
0000333/105.jpg 86 40.1307373046875 141.89273071289062
0000333/106.jpg 86 42.183837890625 146.05429077148438
0000333/107.jpg 86 160.71421813964844 143.31802368164062
0000333/108.jpg 86 163.8443603515625 149.98818969726562
0000333/109.jpg 86 163.4107208251953 146.33233642578125
